Best performing model = KNeighborsClassifier(metric='manhattan', n_neighbors=11, weights='distance') 

Accuracy score on the test set = 0.60 

Model parameters = {'metric': 'manhattan', 'n_neighbors': 11, 'weights': 'distance'} 

    mean_fit_time  std_fit_time  mean_score_time  ...  mean_test_score std_test_score rank_test_score
31       0.784189      0.022960         1.116468  ...         0.647683       0.018398               1
30       0.804761      0.031709         1.207809  ...         0.646793       0.019336               2
50       0.802935      0.032166         1.246581  ...         0.646793       0.019336               2
10       0.788490      0.051795         1.300652  ...         0.646793       0.019336               2
11       0.797771      0.041665         1.199718  ...         0.646349       0.019613               5
51       0.758003      0.016436         1.154512  ...         0.646349       0.019613               5
39       0.791671      0.022160         1.148206  ...         0.645908       0.015168               7
58       0.781066      0.045275         1.278702  ...         0.645465       0.016039               8
38       0.821045      0.047741         1.230961  ...         0.645465       0.016039               8
19       0.796687      0.035622         1.162227  ...         0.645465       0.016039               8
18       0.758738      0.021598         1.241033  ...         0.645465       0.016039               8
59       0.764185      0.030824         1.149573  ...         0.645465       0.016039               8
14       0.752962      0.005930         1.183209  ...         0.645012       0.013706              13
15       0.762321      0.018217         1.227836  ...         0.645012       0.013706              13
34       0.766524      0.012777         1.146605  ...         0.645012       0.013706              13
55       0.763404      0.018518         1.295421  ...         0.645012       0.013706              13
54       0.734202      0.009879         1.175702  ...         0.645012       0.013706              13
35       0.781065      0.017112         1.225677  ...         0.644123       0.014422              18
37       0.771169      0.011628         1.115791  ...         0.643678       0.014705              19
29       0.764554      0.005225         1.120377  ...         0.643236       0.015880              20
8        0.829926      0.043438         1.203227  ...         0.641901       0.017860              21
28       0.783109      0.016940         1.117212  ...         0.641901       0.017860              21
48       0.745205      0.004820         1.167279  ...         0.641901       0.017860              21
9        0.750100      0.004574         1.165483  ...         0.641456       0.018257              24
49       0.739057      0.006532         1.164973  ...         0.641456       0.018257              24
12       0.776298      0.009535         1.215980  ...         0.641445       0.016491              26
13       0.833569      0.030930         1.257038  ...         0.641445       0.016491              26
53       0.810189      0.048043         1.191382  ...         0.641445       0.016491              26
52       0.752386      0.015001         1.227656  ...         0.641445       0.016491              26
32       0.783122      0.016472         1.204180  ...         0.641445       0.016491              26
33       0.839553      0.031892         1.191127  ...         0.641000       0.016154              31
56       0.777319      0.032949         1.183128  ...         0.640124       0.013400              32
57       0.733819      0.001580         1.152854  ...         0.640124       0.013400              32
36       0.844738      0.034184         1.146933  ...         0.640124       0.013400              32
16       0.849078      0.061089         1.206445  ...         0.640124       0.013400              32
17       0.746801      0.010391         1.157172  ...         0.640124       0.013400              32
7        0.746530      0.023277         1.188533  ...         0.630336       0.015610              37
46       0.746699      0.011690         1.184096  ...         0.630336       0.015610              37
47       0.809886      0.039413         1.273034  ...         0.630336       0.015610              37
6        0.717080      0.018679         1.113981  ...         0.630336       0.015610              37
26       0.760524      0.007259         1.127103  ...         0.630336       0.015610              37
27       0.812308      0.032767         1.196593  ...         0.628112       0.014765              42
25       0.794075      0.024047         1.022987  ...         0.621877       0.025897              43
5        0.746888      0.027700         1.070737  ...         0.620987       0.026751              44
4        0.716661      0.029131         1.063229  ...         0.620987       0.026751              44
24       0.794480      0.057632         1.158477  ...         0.620987       0.026751              44
45       0.780328      0.047247         1.068986  ...         0.620987       0.026751              44
44       0.785099      0.057915         1.201786  ...         0.620987       0.026751              44
43       0.746698      0.006249         1.009702  ...         0.611662       0.021286              49
3        0.702959      0.000001         0.931032  ...         0.611662       0.021286              49
22       0.814382      0.048520         1.007901  ...         0.611662       0.021286              49
42       0.781066      0.045276         1.043504  ...         0.611662       0.021286              49
2        0.740450      0.015931         0.996641  ...         0.611662       0.021286              49
23       0.759196      0.007653         0.959149  ...         0.611218       0.021547              54
1        0.724828      0.033649         0.990392  ...         0.590739       0.018432              55
40       0.758769      0.013207         1.023064  ...         0.590739       0.018432              55
21       0.804248      0.049604         1.011730  ...         0.590739       0.018432              55
20       0.796184      0.030464         0.980976  ...         0.590739       0.018432              55
41       0.789119      0.041224         1.078888  ...         0.590739       0.018432              55
0        0.706729      0.014562         0.947307  ...         0.590739       0.018432              55

[60 rows x 16 columns]
