Best performing model = LogisticRegression() 

Accuracy score on the test set = 0.84 

Model parameters = {'C': 1.0, 'penalty': 'l2', 'solver': 'lbfgs'} 

    mean_fit_time  std_fit_time  mean_score_time  ...  mean_test_score std_test_score rank_test_score
16       0.637352      0.033358         0.024993  ...         0.807387       0.012822               1
14       0.609233      0.051338         0.021868  ...         0.806047       0.007560               2
15       4.598915      0.527122         0.034369  ...         0.805157       0.013720               3
17       0.934154      0.036167         0.021871  ...         0.804714       0.012396               4
10       0.684213      0.024995         0.028118  ...         0.799381       0.009805               5
21       2.271341      0.193756         0.031243  ...         0.798478       0.016673               6
4        0.690463      0.011690         0.024994  ...         0.798047       0.012224               7
22       0.652972      0.036164         0.031242  ...         0.797143       0.015235               8
23       0.499881      0.063263         0.018747  ...         0.796699       0.015112               9
9       15.393249      3.000442         0.031242  ...         0.788705       0.023493              10
11       1.799577      0.328033         0.021870  ...         0.787816       0.023256              11
8        7.510731      1.109989         0.031243  ...         0.784250       0.022423              12
20       0.190579      0.015306         0.024994  ...         0.770458       0.013073              13
3       39.543809      2.481079         0.028117  ...         0.767348       0.030368              14
5        4.477072      0.366566         0.028118  ...         0.766902       0.030496              15
27       1.259080      0.099094         0.028120  ...         0.764683       0.020974              16
28       0.590487      0.036167         0.028115  ...         0.764683       0.020974              16
29       0.296804      0.043067         0.031243  ...         0.763793       0.021944              18
2       20.192121      5.118805         0.031243  ...         0.762446       0.028796              19
26       0.156213      0.009880         0.015621  ...         0.618773       0.000869              20
0        0.028118      0.006248         0.000000  ...              NaN            NaN              30
1        0.021868      0.007652         0.000000  ...              NaN            NaN              28
6        0.034368      0.011690         0.000000  ...              NaN            NaN              25
7        0.028119      0.006248         0.000000  ...              NaN            NaN              24
12       0.028119      0.006249         0.000000  ...              NaN            NaN              23
13       0.028118      0.006248         0.000000  ...              NaN            NaN              29
18       0.028116      0.006248         0.000000  ...              NaN            NaN              21
19       0.040615      0.018746         0.000000  ...              NaN            NaN              22
24       0.031243      0.000002         0.000000  ...              NaN            NaN              26
25       0.028120      0.006248         0.000000  ...              NaN            NaN              27

[30 rows x 16 columns]
